name: se
channels:
  - conda-forge
  - defaults
dependencies:
  - brotli-python=1.1.0=py310h00ffb61_0
  - bzip2=1.0.8=h8ffe710_4
  - ca-certificates=2023.7.22=h56e8100_0
  - certifi=2023.7.22=pyhd8ed1ab_0
  - charset-normalizer=3.2.0=pyhd8ed1ab_0
  - gettext=0.21.1=h5728263_0
  - glib=2.78.0=h12be248_0
  - glib-tools=2.78.0=h12be248_0
  - gst-plugins-base=1.22.5=h001b923_1
  - gstreamer=1.22.5=hb4038d2_1
  - icu=72.1=h63175ca_0
  - idna=3.4=pyhd8ed1ab_0
  - krb5=1.20.1=heb0366b_0
  - libclang=16.0.6=default_heb8d277_1
  - libclang13=16.0.6=default_hc80b9e7_1
  - libffi=3.4.2=h8ffe710_5
  - libglib=2.78.0=he8f3873_0
  - libiconv=1.17=h8ffe710_0
  - libjpeg-turbo=2.1.5.1=hcfcfb64_1
  - libogg=1.3.4=h8ffe710_1
  - libpng=1.6.39=h19919ed_0
  - libsqlite=3.43.0=hcfcfb64_0
  - libvorbis=1.3.7=h0e60522_0
  - libxml2=2.11.5=hc3477c8_1
  - libzlib=1.2.13=hcfcfb64_5
  - openssl=3.1.3=hcfcfb64_0
  - packaging=23.1=pyhd8ed1ab_0
  - pcre2=10.40=h17e33f8_0
  - pip=23.2.1=pyhd8ed1ab_0
  - ply=3.11=py_1
  - pyqt=5.15.9=py310h1fd54f2_4
  - pyqt5-sip=12.12.2=py310h00ffb61_4
  - pysocks=1.7.1=pyh0701188_6
  - python=3.10.9=h4de0772_0_cpython
  - python_abi=3.10=4_cp310
  - qt-main=5.15.8=h2c8576c_12
  - requests=2.31.0=pyhd8ed1ab_0
  - setuptools=68.2.2=pyhd8ed1ab_0
  - sip=6.7.11=py310h00ffb61_0
  - tk=8.6.12=h8ffe710_0
  - toml=0.10.2=pyhd8ed1ab_0
  - tomli=2.0.1=pyhd8ed1ab_0
  - tzdata=2023c=h71feb2d_0
  - ucrt=10.0.22621.0=h57928b3_0
  - urllib3=2.0.5=pyhd8ed1ab_0
  - vc=14.3=h64f974e_17
  - vc14_runtime=14.36.32532=hdcecf7f_17
  - vs2015_runtime=14.36.32532=h05e6639_17
  - wheel=0.41.2=pyhd8ed1ab_0
  - win_inet_pton=1.1.0=pyhd8ed1ab_6
  - xz=5.2.6=h8d14728_0
  - zstd=1.5.5=h12be248_0
  - pip:
      - pyside6==6.5.1.1
      - pyside6-addons==6.5.1.1
      - pyside6-essentials==6.5.1.1
      - shiboken6==6.5.1.1
prefix: C:\Users\Aroll\anaconda3\envs\se
